[ 2596.716935] [Project1] 3612 1588154545.987698200 1588154547.419251073
[ 2598.860008] [Project1] 3613 1588154548.122324176 1588154549.563397215
[ 2600.990958] [Project1] 3614 1588154550.257058188 1588154551.695412730
[ 2603.110215] [Project1] 3615 1588154552.393443585 1588154553.815729018
[ 2605.252613] [Project1] 3616 1588154554.523151386 1588154555.959198275
[ 2607.373873] [Project1] 3619 1588154556.650780879 1588154558.081518066
[ 2609.468563] [Project1] 3620 1588154558.769699542 1588154560.177256681
[ 2611.573327] [Project1] 3621 1588154560.870963282 1588154562.283072537
[ 2613.670373] [Project1] 3622 1588154562.972526471 1588154564.381167269
[ 2615.755725] [Project1] 3623 1588154565.068089902 1588154566.467561072
